
function fps_prb1%(dia_any,path_f,name_f,name_f_pas)
% fps_prb1 чтение файла паспорта 
% Вызов функции:
%   structura=fpas_read4(dia_any,path_f,name_f,name_f_pas)
% Используемые функци: Нет
% Входные переменные: Нет

dia_any=1; %1-файлы DIAGNOST, 2-любые файлы(DSK)
path_f='d:\DIAGNOST\BIN\'; %путь до файла
name_f='losh__01.bin'; %название файла данных
name_f_pas='d:\MATLAB\toolbox\work2\Список_замеров2.wks'; %название файла паспорта
name_f_pas1='d:\MATLAB\toolbox\work2\Список_замеров4.wks';

nnn=4;
d=0;
%A=cell(2,5)
if (dia_any==1&nnn>3)  %для DIAGNOST
   
      %d=fopen (name_f_pas,'rt'); %открытие файла данных для чтения
   %if d==-1,disp(strcat('Не могу открыть файл: ',name_f_pas));
   % break;
   %A = wk1read1(name_f_pas,0,0,[1 1 1 33]);
   %B= wk1read1(name_f_pas,1,0,[2 1 2 33]);
   %C=[A;B]
   %celldisp(A(1,1));
   end
   %st=fscanf(d,'%c')%чтение  файла паспортов
   %c=A(1,1); %693961
   %d=struct('dates',cell(11,1))
   
   %dd=cell2struct(A,'dat',2)
   %dlin=length(A(:,1))
   %for nnn=1:11
   %   d(nnn,1).dates=datestr((dd(nnn).dat+693961),2);
   %   disp(d(nnn,1).dates)
   %end
   %wk1write1(name_f_pas,A,0,0)
   %A=cell(10);
   %d = '12/31/1899'
   %rty=datenum(d(1,1).dates)-693961
   %f=datevec(s)
   %str = datestr(s,2)
   %cd
   %B=[400 16 1 256 0 1 0 0 0 0 0 0 0 0 0 0 0 0 0 0 0 31 1 1]
   K1=[10 100 10 100 10 100 10 100 10 100 10 100 10 100 10 100];
   
   K2=[10.631512 101.626016 10.786517 103.181427...
         10.709505	103.806228	11.019284	106.269926...
         10.432968	98.846788	10.833258	104.257168...
         10.728463	102.145046	10.914052	104.620750];
   
   
   K3=[109.289618	106.951872	109.289618	121.951220...
         105.263158	106.951872	102.040816	106.951872...
         109.289618	106.951872	109.289618	121.951220...
         105.263158	106.951872	102.040816	106.951872];
   
   K4=[10.042681	95.923261	10.042681	93.676815...
         10.118897	94.117647	10.914052	106.100796...
         9.772783	91.533181	9.982531	92.807425...
         9.878982	89.887640	9.811136	92.378753];
   
   K5=[109.289618	106.951872	109.289618	121.951220...
         105.263158	106.951872	102.040816	106.951872...
         109.289618	106.951872	109.289618	121.951220...
         105.263158	106.951872	102.040816	106.951872];
   
   K6=[400 400 400 400 400 400 400 400 400 400 400 400 400 400 400 400];
   
   K7=[100 100 100 100 100 100 100 100 100 100 100 100 100 100 100 100];
   
   K8=[101.626016	103.181427	103.806228	106.269926...
         98.846788	104.257168	102.145046	104.620750...
         95.923261	93.676815	94.117647	106.100796...
         91.533181	92.807425	89.887640	92.378753];
   
   K9=[95.923261	93.676815	94.117647	106.100796...
         91.533181	92.807425	89.887640	92.378753...
         101.626016	103.181427	103.806228	106.269926...
         98.846788	104.257168	102.145046	104.620750];
   
   K10=[1 1 1 1 1 1 1 1 1 1 1 1 1 1 1 1];
   K11=[1 1 1 1 1 1 1 1 1 1 1 1 1 1 1 1];
   save c:\Matlab\Toolbox\work\kof_mul.mat K1 K2 K3 K4 K5 K6 K7 K8 K9 K10 K11
   clear K7 K8 K9 K11
   load c:\Matlab\Toolbox\work\kof_mul.mat
   disp(K1);
   disp(K7);
   disp(K8);
   disp(K9);
   disp(K11);
   %h = waitbar(0,'Please wait...');
   %for i=1:10,
   % computation here %
   %waitbar(i/10)
   %end
   %close(h)